8.010833
8.010833
8.482058
8.482058
11.309410
11.309410
13.194312
8.953283
9.424509
8.953283
-18.377792
-17.906567
-18.377792
-18.377792
-16.492891
-16.021666
-8.482058
-10.838185
-9.895734
-10.366960
-9.424509
-8.953283
-6.125931
-9.424509
-7.068382
-13.194312
-20.733919
-20.262693
-22.147596
13.194312
12.251862
11.780636
7.539607
5.183480
3.298578
3.298578
-2.827353
1.884902
1.884902
3.298578
0.000000
4.712255
9.895734
5.654705
2.827353
8.010833
10.366960
11.780636
8.953283
6.125931
7.539607
7.068382
5.183480
4.241029
4.712255
3.298578
4.712255
4.712255
8.482058
2.827353
-3.298578
15.550440
4.241029
4.241029
3.769804
8.953283
9.424509
9.895734
24.974949
19.791468
16.492891
-24.974949
-27.331076
-19.791468
-13.665538
-11.780636
-15.079214
-14.607988
-10.838185
-10.838185
-10.838185
-6.597156
-2.356127
0.000000
-0.942451
-4.241029
-5.183480
-6.125931
-7.539607
-4.712255
-4.241029
0.471225
-0.942451
3.298578
1.884902
2.356127
4.241029
6.125931
1.884902
3.298578
6.125931
7.068382
5.654705
0.471225
-1.884902
0.471225
2.356127
5.654705
2.827353
4.241029
3.769804
1.884902
-0.471225
-0.942451
-2.827353
-1.413676
-3.298578
-1.884902
0.471225
-9.424509
-17.435341
-16.021666
-11.780636
-13.194312
-19.791468
-19.791468
18.849018
24.503723
19.320244
16.492891
12.723087
13.665538
8.953283
7.068382
13.194312
16.492891
9.424509
4.712255
11.780636
15.550440
11.780636
9.424509
15.550440
16.964115
12.251862
7.539607
17.435341
13.194312
10.366960
8.953283
11.780636
10.366960
10.366960
9.895734
12.251862
14.136764
13.665538
11.780636
17.906567
14.607988
18.377792
11.309410
12.723087
-28.273527
-24.503723
-12.723087
-21.205145
-26.859850
-24.032497
-18.377792
-15.079214
-17.906567
-13.194312
-15.079214
-12.723087
-15.079214
-13.194312
-22.147596
-27.331076
-28.744751
-26.388624
8.010833
12.723087
9.424509
7.539607
3.298578
2.827353
-0.942451
-1.884902
0.942451
3.769804
1.884902
2.356127
6.125931
7.068382
4.712255
4.241029
5.654705
5.183480
8.482058
8.953283
7.068382
2.827353
3.769804
3.298578
3.298578
1.413676
1.413676
0.471225
2.356127
2.356127
1.884902
14.607988
11.780636
0.942451
4.712255
1.884902
-0.942451
13.665538
13.194312
20.262693
12.723087
8.482058
12.251862
21.205145
21.205145
-29.215977
-30.158428
-22.147596
-21.205145
-17.906567
-13.665538
-13.665538
-8.482058
-14.607988
-13.665538
-12.251862
-13.665538
-10.838185
-4.712255
-5.183480
-1.413676
-8.953283
-7.539607
-7.539607
-3.298578
-3.769804
-0.471225
-2.356127
0.000000
1.413676
6.597156
2.356127
5.183480
6.125931
7.068382
6.597156
5.183480
8.482058
9.424509
10.366960
4.241029
4.241029
5.654705
4.241029
1.413676
5.183480
7.068382
5.183480
0.471225
0.942451
0.471225
2.827353
-4.241029
-3.769804
-4.712255
-5.654705
-20.733919
-20.733919
-19.320244
