0.000000
0.000000
0.000000
0.000000
0.000000
0.000000
0.000000
0.000000
0.000000
0.000000
0.000000
0.000000
0.000000
0.000000
0.000000
0.000000
0.000000
0.000000
0.000000
0.000000
-32.212658
-82.321236
121.692268
71.583687
21.475105
0.000000
0.000000
0.000000
0.000000
0.000000
0.000000
0.000000
0.000000
28.633474
64.425316
78.742058
39.371029
0.000000
0.000000
0.000000
0.000000
0.000000
0.000000
0.000000
0.000000
0.000000
0.000000
0.000000
0.000000
0.000000
0.000000
0.000000
0.000000
0.000000
0.000000
0.000000
25.054291
85.900421
-107.375526
-50.108582
0.000000
0.000000
0.000000
0.000000
0.000000
0.000000
0.000000
0.000000
0.000000
0.000000
0.000000
0.000000
0.000000
-46.529396
-103.796341
53.687763
0.000000
0.000000
0.000000
0.000000
0.000000
0.000000
0.000000
0.000000
0.000000
0.000000
0.000000
0.000000
0.000000
0.000000
0.000000
75.162872
-100.217163
-35.791843
-25.054291
-14.316737
-3.579184
-57.266949
110.954712
21.475105
0.000000
0.000000
0.000000
0.000000
0.000000
0.000000
0.000000
0.000000
0.000000
0.000000
0.000000
0.000000
0.000000
0.000000
3.579184
17.895922
10.737553
3.579184
0.000000
0.000000
0.000000
0.000000
0.000000
0.000000
0.000000
0.000000
0.000000
10.737553
42.950211
78.742058
-107.375526
-39.371029
0.000000
0.000000
0.000000
0.000000
0.000000
0.000000
0.000000
0.000000
0.000000
0.000000
0.000000
0.000000
0.000000
0.000000
0.000000
0.000000
0.000000
0.000000
0.000000
0.000000
0.000000
0.000000
0.000000
0.000000
0.000000
-50.108582
-107.375526
-89.479607
-71.583687
-53.687763
-28.633474
0.000000
0.000000
0.000000
0.000000
0.000000
0.000000
0.000000
0.000000
0.000000
-28.633474
-93.058792
-100.217163
-103.796341
-110.954712
96.637978
14.316737
0.000000
0.000000
0.000000
0.000000
0.000000
0.000000
0.000000
0.000000
0.000000
0.000000
0.000000
0.000000
0.000000
0.000000
14.316737
96.637978
-121.692268
96.637978
57.266949
14.316737
0.000000
0.000000
0.000000
0.000000
0.000000
0.000000
0.000000
0.000000
0.000000
0.000000
0.000000
0.000000
0.000000
14.316737
-85.900421
0.000000
0.000000
0.000000
0.000000
0.000000
-42.950211
118.113083
25.054291
0.000000
0.000000
0.000000
7.158369
28.633474
21.475105
17.895922
10.737553
0.000000
0.000000
0.000000
0.000000
0.000000
0.000000
0.000000
0.000000
0.000000
0.000000
0.000000
0.000000
0.000000
0.000000
93.058792
-100.217163
-39.371029
0.000000
0.000000
0.000000
0.000000
0.000000
0.000000
0.000000
0.000000
-32.212658
-71.583687
-107.375526
110.954712
96.637978
85.900421
78.742058
68.004501
60.846134
53.687763
42.950211
35.791843
28.633474
21.475105
10.737553
10.737553
14.316737
17.895922
21.475105
21.475105
10.737553
3.579184
0.000000
0.000000
0.000000
0.000000
0.000000
0.000000
0.000000
0.000000
0.000000
46.529396
-125.271454
-39.371029
0.000000
0.000000
-25.054291
-53.687763
-96.637978
103.796341
50.108582
0.000000
0.000000
0.000000
0.000000
0.000000
0.000000
0.000000
0.000000
0.000000
7.158369
85.900421
-89.479607
-32.212658
0.000000
0.000000
0.000000
0.000000
0.000000
0.000000
0.000000
0.000000
0.000000
0.000000
0.000000
0.000000
0.000000
0.000000
0.000000
0.000000
0.000000
0.000000
0.000000
0.000000
0.000000
0.000000
0.000000
0.000000
0.000000
-35.791843
-107.375526
75.162872
25.054291
0.000000
0.000000
0.000000
0.000000
0.000000
28.633474
64.425316
89.479607
110.954712
-121.692268
-78.742058
-32.212658
0.000000
0.000000
0.000000
0.000000
0.000000
0.000000
0.000000
0.000000
0.000000
0.000000
0.000000
-10.737553
-60.846134
85.900421
0.000000
0.000000
0.000000
0.000000
0.000000
0.000000
0.000000
0.000000
42.950211
114.533897
71.583687
28.633474
0.000000
0.000000
0.000000
0.000000
0.000000
0.000000
0.000000
0.000000
0.000000
0.000000
0.000000
0.000000
0.000000
0.000000
0.000000
0.000000
0.000000
0.000000
0.000000
0.000000
46.529396
114.533897
-71.583687
-46.529396
-25.054291
-3.579184
0.000000
-7.158369
-21.475105
-32.212658
-32.212658
-25.054291
-21.475105
-21.475105
-50.108582
-82.321236
-114.533897
110.954712
75.162872
39.371029
7.158369
21.475105
46.529396
68.004501
85.900421
85.900421
85.900421
89.479607
68.004501
35.791843
3.579184
0.000000
0.000000
0.000000
0.000000
0.000000
0.000000
0.000000
0.000000
0.000000
0.000000
0.000000
0.000000
17.895922
53.687763
89.479607
125.271454
-93.058792
-57.266949
-17.895922
-89.479607
89.479607
14.316737
0.000000
0.000000
0.000000
0.000000
0.000000
0.000000
0.000000
0.000000
0.000000
0.000000
46.529396
-125.271454
-35.791843
0.000000
0.000000
0.000000
0.000000
0.000000
0.000000
0.000000
0.000000
0.000000
0.000000
0.000000
0.000000
0.000000
0.000000
0.000000
0.000000
0.000000
0.000000
0.000000
0.000000
0.000000
0.000000
0.000000
0.000000
0.000000
0.000000
0.000000
0.000000
0.000000
0.000000
0.000000
100.217163
0.000000
0.000000
0.000000
0.000000
0.000000
17.895922
89.479607
-96.637978
-25.054291
-25.054291
-32.212658
-42.950211
-50.108582
-53.687763
-53.687763
-57.266949
-35.791843
-7.158369
0.000000
0.000000
0.000000
0.000000
0.000000
0.000000
-21.475105
125.271454
17.895922
0.000000
0.000000
0.000000
0.000000
0.000000
0.000000
0.000000
0.000000
0.000000
0.000000
0.000000
0.000000
0.000000
0.000000
0.000000
0.000000
0.000000
0.000000
0.000000
0.000000
0.000000
0.000000
0.000000
0.000000
0.000000
0.000000
0.000000
0.000000
0.000000
21.475105
68.004501
114.533897
-96.637978
-53.687763
-21.475105
0.000000
0.000000
0.000000
0.000000
0.000000
0.000000
0.000000
3.579184
7.158369
10.737553
21.475105
39.371029
53.687763
64.425316
78.742058
89.479607
100.217163
96.637978
82.321236
68.004501
53.687763
32.212658
7.158369
0.000000
0.000000
0.000000
0.000000
0.000000
0.000000
0.000000
0.000000
0.000000
0.000000
0.000000
0.000000
0.000000
0.000000
0.000000
0.000000
0.000000
0.000000
0.000000
0.000000
0.000000
0.000000
0.000000
0.000000
0.000000
0.000000
0.000000
0.000000
0.000000
0.000000
0.000000
0.000000
0.000000
0.000000
0.000000
0.000000
0.000000
0.000000
0.000000
7.158369
57.266949
107.375526
-96.637978
-50.108582
0.000000
0.000000
0.000000
0.000000
0.000000
0.000000
0.000000
0.000000
0.000000
0.000000
0.000000
0.000000
0.000000
0.000000
0.000000
0.000000
0.000000
0.000000
0.000000
0.000000
0.000000
0.000000
0.000000
0.000000
0.000000
0.000000
0.000000
0.000000
0.000000
0.000000
0.000000
0.000000
0.000000
0.000000
0.000000
0.000000
0.000000
0.000000
0.000000
0.000000
0.000000
0.000000
0.000000
0.000000
0.000000
0.000000
0.000000
0.000000
0.000000
0.000000
0.000000
0.000000
-28.633474
-60.846134
-89.479607
-121.692268
110.954712
82.321236
57.266949
35.791843
25.054291
14.316737
3.579184
0.000000
0.000000
0.000000
0.000000
0.000000
0.000000
0.000000
0.000000
0.000000
0.000000
0.000000
0.000000
0.000000
0.000000
0.000000
0.000000
0.000000
0.000000
0.000000
0.000000
3.579184
17.895922
25.054291
32.212658
39.371029
46.529396
53.687763
64.425316
71.583687
78.742058
85.900421
96.637978
100.217163
107.375526
110.954712
114.533897
121.692268
125.271454
125.271454
-125.271454
118.113083
103.796341
89.479607
75.162872
53.687763
35.791843
14.316737
0.000000
0.000000
0.000000
0.000000
0.000000
0.000000
0.000000
0.000000
0.000000
0.000000
0.000000
0.000000
0.000000
0.000000
0.000000
0.000000
0.000000
0.000000
0.000000
0.000000
0.000000
0.000000
0.000000
0.000000
0.000000
0.000000
0.000000
0.000000
0.000000
0.000000
0.000000
0.000000
0.000000
0.000000
0.000000
0.000000
0.000000
0.000000
0.000000
0.000000
0.000000
0.000000
25.054291
71.583687
114.533897
-96.637978
-57.266949
-17.895922
0.000000
0.000000
0.000000
0.000000
0.000000
0.000000
0.000000
0.000000
0.000000
0.000000
0.000000
0.000000
0.000000
0.000000
0.000000
0.000000
0.000000
0.000000
0.000000
0.000000
0.000000
0.000000
0.000000
0.000000
0.000000
0.000000
0.000000
0.000000
0.000000
0.000000
0.000000
0.000000
0.000000
0.000000
0.000000
0.000000
0.000000
0.000000
0.000000
0.000000
0.000000
0.000000
0.000000
0.000000
0.000000
0.000000
0.000000
0.000000
0.000000
0.000000
0.000000
-17.895922
-42.950211
-68.004501
-96.637978
-121.692268
107.375526
82.321236
57.266949
0.000000
0.000000
0.000000
0.000000
0.000000
0.000000
0.000000
0.000000
0.000000
0.000000
0.000000
0.000000
0.000000
0.000000
39.371029
89.479607
-114.533897
-60.846134
-10.737553
0.000000
0.000000
0.000000
0.000000
0.000000
0.000000
0.000000
0.000000
-14.316737
-14.316737
0.000000
0.000000
0.000000
0.000000
0.000000
0.000000
0.000000
0.000000
0.000000
0.000000
-7.158369
-71.583687
121.692268
57.266949
28.633474
0.000000
0.000000
0.000000
0.000000
0.000000
0.000000
0.000000
0.000000
0.000000
0.000000
0.000000
0.000000
0.000000
7.158369
39.371029
71.583687
103.796341
121.692268
-114.533897
-96.637978
-85.900421
-96.637978
-103.796341
-110.954712
121.692268
85.900421
53.687763
17.895922
7.158369
0.000000
0.000000
0.000000
0.000000
0.000000
0.000000
0.000000
14.316737
64.425316
110.954712
-107.375526
-71.583687
-39.371029
-7.158369
0.000000
0.000000
0.000000
0.000000
0.000000
-25.054291
-53.687763
-82.321236
-110.954712
118.113083
121.692268
-114.533897
-89.479607
-68.004501
-42.950211
-17.895922
0.000000
0.000000
0.000000
0.000000
0.000000
0.000000
0.000000
0.000000
0.000000
0.000000
0.000000
0.000000
0.000000
0.000000
0.000000
0.000000
0.000000
-28.633474
-82.321236
-118.113083
-125.271454
121.692268
114.533897
96.637978
78.742058
57.266949
35.791843
7.158369
0.000000
0.000000
0.000000
0.000000
0.000000
0.000000
0.000000
0.000000
0.000000
0.000000
0.000000
0.000000
0.000000
0.000000
0.000000
0.000000
0.000000
0.000000
0.000000
0.000000
0.000000
3.579184
21.475105
39.371029
46.529396
53.687763
53.687763
57.266949
60.846134
64.425316
64.425316
60.846134
53.687763
42.950211
32.212658
64.425316
93.058792
125.271454
-107.375526
-103.796341
-100.217163
-100.217163
-96.637978
-82.321236
-71.583687
-57.266949
-39.371029
-17.895922
0.000000
0.000000
0.000000
0.000000
0.000000
0.000000
0.000000
0.000000
0.000000
0.000000
0.000000
0.000000
0.000000
-3.579184
-10.737553
-14.316737
-28.633474
-53.687763
-78.742058
-100.217163
-128.850632
103.796341
78.742058
53.687763
53.687763
53.687763
53.687763
53.687763
53.687763
53.687763
53.687763
53.687763
57.266949
60.846134
68.004501
71.583687
82.321236
93.058792
103.796341
114.533897
103.796341
85.900421
71.583687
53.687763
46.529396
42.950211
35.791843
32.212658
39.371029
42.950211
46.529396
50.108582
53.687763
53.687763
53.687763
53.687763
53.687763
53.687763
60.846134
78.742058
93.058792
107.375526
-125.271454
-103.796341
-82.321236
-64.425316
-71.583687
-78.742058
-85.900421
-85.900421
-82.321236
-78.742058
-78.742058
-89.479607
-100.217163
-110.954712
-103.796341
-71.583687
-39.371029
-7.158369
0.000000
0.000000
0.000000
0.000000
0.000000
0.000000
0.000000
0.000000
0.000000
0.000000
0.000000
0.000000
0.000000
0.000000
0.000000
0.000000
0.000000
0.000000
-10.737553
-46.529396
-82.321236
0.000000
0.000000
0.000000
0.000000
21.475105
46.529396
110.954712
-64.425316
0.000000
0.000000
0.000000
0.000000
0.000000
0.000000
0.000000
0.000000
0.000000
0.000000
0.000000
0.000000
0.000000
0.000000
0.000000
0.000000
0.000000
0.000000
0.000000
0.000000
0.000000
0.000000
0.000000
0.000000
0.000000
0.000000
0.000000
0.000000
0.000000
0.000000
0.000000
0.000000
-39.371029
-96.637978
100.217163
100.217163
107.375526
107.375526
107.375526
96.637978
82.321236
71.583687
53.687763
35.791843
17.895922
3.579184
0.000000
0.000000
0.000000
0.000000
0.000000
0.000000
0.000000
0.000000
0.000000
0.000000
0.000000
0.000000
0.000000
0.000000
0.000000
0.000000
0.000000
0.000000
0.000000
0.000000
0.000000
0.000000
17.895922
82.321236
-107.375526
-60.846134
-21.475105
0.000000
0.000000
0.000000
0.000000
0.000000
0.000000
0.000000
0.000000
0.000000
0.000000
0.000000
0.000000
0.000000
0.000000
0.000000
0.000000
0.000000
0.000000
0.000000
0.000000
0.000000
0.000000
0.000000
0.000000
0.000000
0.000000
0.000000
0.000000
0.000000
0.000000
-17.895922
-32.212658
-50.108582
-68.004501
-78.742058
-89.479607
-100.217163
-107.375526
-128.850632
107.375526
89.479607
71.583687
64.425316
57.266949
53.687763
39.371029
28.633474
17.895922
3.579184
0.000000
0.000000
0.000000
0.000000
0.000000
0.000000
0.000000
0.000000
0.000000
0.000000
0.000000
0.000000
0.000000
0.000000
0.000000
0.000000
0.000000
0.000000
0.000000
0.000000
0.000000
0.000000
0.000000
0.000000
0.000000
0.000000
0.000000
7.158369
32.212658
71.583687
110.954712
-107.375526
-28.633474
0.000000
0.000000
0.000000
0.000000
0.000000
0.000000
0.000000
0.000000
0.000000
0.000000
0.000000
0.000000
0.000000
0.000000
0.000000
0.000000
-10.737553
-25.054291
-10.737553
0.000000
0.000000
0.000000
0.000000
0.000000
0.000000
0.000000
0.000000
0.000000
0.000000
0.000000
0.000000
0.000000
0.000000
-7.158369
-39.371029
-71.583687
-75.162872
-68.004501
-60.846134
-53.687763
-53.687763
-53.687763
-53.687763
-53.687763
-53.687763
-53.687763
-53.687763
-53.687763
-75.162872
110.954712
39.371029
0.000000
0.000000
0.000000
0.000000
0.000000
0.000000
0.000000
0.000000
0.000000
0.000000
0.000000
0.000000
0.000000
0.000000
0.000000
0.000000
0.000000
0.000000
10.737553
57.266949
103.796341
-107.375526
-60.846134
-21.475105
0.000000
0.000000
0.000000
0.000000
0.000000
0.000000
0.000000
0.000000
0.000000
0.000000
0.000000
0.000000
0.000000
0.000000
0.000000
0.000000
0.000000
0.000000
0.000000
0.000000
0.000000
0.000000
0.000000
0.000000
0.000000
0.000000
0.000000
0.000000
0.000000
0.000000
0.000000
-3.579184
-21.475105
-46.529396
-71.583687
-96.637978
-110.954712
-118.113083
-121.692268
125.271454
107.375526
85.900421
0.000000
0.000000
0.000000
0.000000
0.000000
0.000000
0.000000
0.000000
0.000000
0.000000
7.158369
0.000000
0.000000
0.000000
0.000000
0.000000
0.000000
0.000000
0.000000
0.000000
0.000000
3.579184
46.529396
82.321236
110.954712
85.900421
60.846134
35.791843
0.000000
0.000000
0.000000
0.000000
0.000000
0.000000
0.000000
0.000000
0.000000
0.000000
0.000000
10.737553
25.054291
39.371029
53.687763
114.533897
-78.742058
-17.895922
0.000000
-3.579184
-25.054291
-46.529396
-50.108582
-42.950211
-39.371029
-39.371029
-93.058792
114.533897
60.846134
32.212658
25.054291
17.895922
10.737553
7.158369
3.579184
0.000000
0.000000
0.000000
0.000000
0.000000
0.000000
0.000000
39.371029
85.900421
-28.633474
0.000000
0.000000
0.000000
0.000000
0.000000
0.000000
0.000000
0.000000
0.000000
-60.846134
42.950211
0.000000
0.000000
0.000000
0.000000
0.000000
0.000000
0.000000
60.846134
-57.266949
0.000000
0.000000
0.000000
0.000000
0.000000
0.000000
0.000000
0.000000
0.000000
0.000000
0.000000
0.000000
-7.158369
-82.321236
96.637978
71.583687
60.846134
50.108582
53.687763
110.954712
-85.900421
-28.633474
0.000000
0.000000
0.000000
0.000000
0.000000
0.000000
-60.846134
118.113083
100.217163
78.742058
60.846134
32.212658
3.579184
0.000000
0.000000
0.000000
0.000000
0.000000
0.000000
28.633474
-118.113083
-10.737553
0.000000
0.000000
0.000000
0.000000
0.000000
0.000000
0.000000
0.000000
-14.316737
-93.058792
89.479607
89.479607
93.058792
93.058792
125.271454
-46.529396
0.000000
0.000000
0.000000
0.000000
0.000000
0.000000
0.000000
0.000000
0.000000
0.000000
-121.692268
0.000000
0.000000
0.000000
0.000000
0.000000
0.000000
0.000000
0.000000
0.000000
0.000000
0.000000
0.000000
0.000000
10.737553
0.000000
0.000000
0.000000
0.000000
0.000000
0.000000
0.000000
21.475105
93.058792
-96.637978
114.533897
14.316737
0.000000
0.000000
0.000000
0.000000
0.000000
3.579184
0.000000
0.000000
0.000000
7.158369
71.583687
-121.692268
-64.425316
-64.425316
-64.425316
-64.425316
-64.425316
-64.425316
-64.425316
-64.425316
-64.425316
-68.004501
-89.479607
-110.954712
121.692268
-110.954712
-35.791843
0.000000
0.000000
0.000000
-10.737553
-82.321236
100.217163
82.321236
71.583687
57.266949
39.371029
0.000000
0.000000
0.000000
0.000000
118.113083
-7.158369
0.000000
0.000000
0.000000
0.000000
0.000000
0.000000
-32.212658
110.954712
46.529396
0.000000
0.000000
0.000000
0.000000
0.000000
0.000000
64.425316
-57.266949
0.000000
0.000000
0.000000
0.000000
0.000000
0.000000
0.000000
0.000000
0.000000
0.000000
0.000000
0.000000
-3.579184
0.000000
0.000000
0.000000
0.000000
0.000000
0.000000
0.000000
0.000000
-10.737553
-25.054291
-39.371029
-35.791843
-17.895922
0.000000
0.000000
-53.687763
121.692268
-96.637978
-100.217163
-107.375526
-107.375526
-110.954712
-114.533897
-118.113083
-121.692268
-125.271454
-125.271454
125.271454
121.692268
118.113083
118.113083
114.533897
110.954712
110.954712
110.954712
110.954712
110.954712
110.954712
110.954712
110.954712
110.954712
110.954712
110.954712
114.533897
118.113083
121.692268
-121.692268
-114.533897
-100.217163
-96.637978
-85.900421
-78.742058
-71.583687
-64.425316
-57.266949
-50.108582
-39.371029
-32.212658
-21.475105
-10.737553
0.000000
0.000000
0.000000
0.000000
0.000000
0.000000
0.000000
0.000000
0.000000
0.000000
0.000000
0.000000
0.000000
0.000000
0.000000
0.000000
0.000000
0.000000
0.000000
0.000000
-10.737553
-25.054291
-39.371029
-53.687763
-71.583687
-85.900421
-103.796341
-121.692268
118.113083
107.375526
96.637978
82.321236
71.583687
64.425316
57.266949
50.108582
42.950211
35.791843
28.633474
21.475105
14.316737
10.737553
3.579184
0.000000
0.000000
0.000000
0.000000
0.000000
0.000000
0.000000
0.000000
0.000000
0.000000
0.000000
0.000000
0.000000
0.000000
0.000000
0.000000
0.000000
0.000000
0.000000
0.000000
0.000000
0.000000
0.000000
0.000000
0.000000
0.000000
3.579184
10.737553
17.895922
25.054291
32.212658
39.371029
46.529396
57.266949
71.583687
82.321236
93.058792
103.796341
114.533897
121.692268
-125.271454
-118.113083
-107.375526
-100.217163
-93.058792
-85.900421
-78.742058
-71.583687
-68.004501
-60.846134
-57.266949
-53.687763
-50.108582
-46.529396
-46.529396
-46.529396
-46.529396
-46.529396
-46.529396
-50.108582
-50.108582
-53.687763
-57.266949
-64.425316
-68.004501
-75.162872
-78.742058
-85.900421
-93.058792
-96.637978
-100.217163
-107.375526
-110.954712
-114.533897
-121.692268
-125.271454
-128.850632
125.271454
121.692268
118.113083
114.533897
114.533897
114.533897
110.954712
110.954712
110.954712
110.954712
110.954712
110.954712
114.533897
114.533897
114.533897
121.692268
125.271454
125.271454
-121.692268
-118.113083
-110.954712
-103.796341
-100.217163
-96.637978
-89.479607
-85.900421
-82.321236
-78.742058
-75.162872
-71.583687
-64.425316
-60.846134
-53.687763
-50.108582
-46.529396
-39.371029
-35.791843
-28.633474
-25.054291
-17.895922
-17.895922
-17.895922
-17.895922
-17.895922
-17.895922
-17.895922
-17.895922
-17.895922
-17.895922
-17.895922
-17.895922
-17.895922
-21.475105
-21.475105
-25.054291
-28.633474
-39.371029
-53.687763
-64.425316
-78.742058
-89.479607
-103.796341
-118.113083
125.271454
118.113083
107.375526
100.217163
89.479607
82.321236
75.162872
68.004501
64.425316
57.266949
50.108582
46.529396
39.371029
32.212658
28.633474
21.475105
14.316737
10.737553
3.579184
0.000000
0.000000
0.000000
0.000000
0.000000
0.000000
0.000000
0.000000
0.000000
0.000000
0.000000
0.000000
0.000000
0.000000
0.000000
0.000000
0.000000
0.000000
0.000000
0.000000
0.000000
0.000000
7.158369
10.737553
17.895922
21.475105
21.475105
21.475105
21.475105
28.633474
46.529396
64.425316
85.900421
96.637978
103.796341
0.000000
0.000000
0.000000
0.000000
0.000000
0.000000
0.000000
0.000000
0.000000
0.000000
0.000000
3.579184
7.158369
10.737553
14.316737
17.895922
21.475105
32.212658
42.950211
53.687763
68.004501
78.742058
93.058792
103.796341
118.113083
-125.271454
-114.533897
-100.217163
-85.900421
-68.004501
-46.529396
-28.633474
0.000000
0.000000
0.000000
0.000000
0.000000
0.000000
0.000000
0.000000
0.000000
0.000000
0.000000
0.000000
0.000000
0.000000
0.000000
0.000000
0.000000
0.000000
0.000000
0.000000
0.000000
0.000000
0.000000
-10.737553
-53.687763
-103.796341
100.217163
42.950211
0.000000
0.000000
0.000000
0.000000
0.000000
0.000000
0.000000
0.000000
0.000000
0.000000
0.000000
0.000000
0.000000
0.000000
0.000000
0.000000
0.000000
0.000000
0.000000
0.000000
0.000000
0.000000
0.000000
0.000000
0.000000
0.000000
0.000000
0.000000
0.000000
0.000000
0.000000
0.000000
0.000000
0.000000
0.000000
0.000000
0.000000
17.895922
39.371029
60.846134
82.321236
100.217163
121.692268
-118.113083
-100.217163
-82.321236
-68.004501
-53.687763
-35.791843
-17.895922
-3.579184
0.000000
0.000000
0.000000
0.000000
0.000000
0.000000
0.000000
0.000000
0.000000
0.000000
0.000000
0.000000
0.000000
0.000000
0.000000
0.000000
0.000000
0.000000
0.000000
0.000000
0.000000
0.000000
0.000000
0.000000
0.000000
0.000000
0.000000
0.000000
0.000000
0.000000
0.000000
-21.475105
-50.108582
-75.162872
-103.796341
125.271454
96.637978
71.583687
46.529396
17.895922
0.000000
0.000000
0.000000
0.000000
0.000000
0.000000
0.000000
0.000000
0.000000
0.000000
0.000000
0.000000
0.000000
0.000000
0.000000
0.000000
0.000000
10.737553
21.475105
32.212658
39.371029
53.687763
64.425316
78.742058
96.637978
110.954712
-128.850632
-107.375526
-89.479607
-68.004501
-46.529396
-25.054291
-3.579184
0.000000
0.000000
0.000000
0.000000
0.000000
0.000000
0.000000
0.000000
0.000000
0.000000
0.000000
0.000000
0.000000
0.000000
0.000000
0.000000
0.000000
0.000000
0.000000
0.000000
0.000000
0.000000
0.000000
0.000000
0.000000
0.000000
0.000000
0.000000
0.000000
0.000000
0.000000
0.000000
0.000000
-28.633474
-53.687763
-114.533897
78.742058
14.316737
0.000000
0.000000
0.000000
0.000000
0.000000
0.000000
0.000000
0.000000
0.000000
0.000000
0.000000
0.000000
0.000000
0.000000
0.000000
0.000000
0.000000
0.000000
0.000000
0.000000
0.000000
0.000000
0.000000
0.000000
0.000000
0.000000
0.000000
0.000000
0.000000
0.000000
0.000000
0.000000
10.737553
28.633474
46.529396
68.004501
85.900421
103.796341
121.692268
-114.533897
-96.637978
-75.162872
-53.687763
-32.212658
-10.737553
0.000000
0.000000
0.000000
0.000000
0.000000
0.000000
0.000000
0.000000
0.000000
0.000000
0.000000
0.000000
0.000000
