7.211091
7.570310
7.923686
8.033858
10.773639
11.185752
12.647826
8.480914
9.196524
9.051930
-18.737726
-18.454844
-18.831894
-18.586292
-16.153116
-16.325417
-8.418656
-10.793315
-10.045259
-10.605698
-9.292270
-8.957112
-6.416916
-9.466335
-7.270573
-13.822530
-20.994913
-20.330446
-22.697735
12.546655
11.551611
11.559264
6.995070
4.616372
3.311024
3.410150
-3.291775
0.741090
1.302261
3.429773
-0.667237
4.260202
10.398192
5.449463
2.395509
7.390145
10.381462
12.228816
8.852414
6.376776
7.976032
7.259217
5.128301
4.141791
5.175847
4.028589
4.727435
4.301671
9.089385
3.190223
-3.089899
15.993322
4.238138
4.944957
3.643876
9.061630
9.386763
9.646175
25.161974
19.800007
15.932677
-24.960945
-27.024313
-19.648846
-13.923603
-12.909450
-15.401289
-14.836491
-11.432034
-11.558497
-11.679886
-7.138281
-3.077102
-0.346881
-1.207593
-4.300653
-5.329932
-6.378972
-7.250908
-4.635836
-4.185243
-0.082439
-0.845089
2.857639
2.069839
2.667997
4.027855
5.815918
1.794694
2.812274
5.827674
7.042335
5.579350
0.246900
-1.664816
0.694490
2.511321
5.738655
2.418536
4.333729
3.723451
2.359309
-0.580504
-0.531026
-2.322697
-1.107686
-2.877227
-2.079193
0.079897
-9.515924
-17.334396
-16.529692
-11.977352
-13.047437
-20.167711
-20.357603
18.836552
24.016529
19.442072
16.936647
12.462070
13.060816
8.593189
6.814182
12.737259
16.439625
8.883734
4.330053
11.288402
14.912131
11.372436
8.925964
14.828679
15.960210
11.803079
7.105542
17.604362
13.296104
10.255175
8.804214
11.260577
9.884942
9.967742
9.623282
12.545207
14.285830
12.953125
11.657756
17.592131
14.804997
17.724607
11.173575
12.539084
-28.513208
-24.482477
-12.567356
-21.614588
-26.513077
-23.593889
-18.271484
-15.078348
-17.885775
-13.058121
-14.900882
-12.612279
-14.698863
-12.977101
-22.373974
-27.266529
-28.608095
-26.764004
7.708472
12.081099
9.011385
7.196655
2.636607
1.937850
-0.766078
-2.259240
0.128929
2.318805
1.238661
1.511370
5.363256
6.124869
4.310172
3.950363
5.262854
4.898666
8.046475
8.115004
6.400142
2.670471
3.459168
2.669854
2.773576
1.230727
1.118500
0.076976
2.098576
2.117324
1.643601
14.354834
11.898757
0.764126
4.510606
2.069624
-1.098228
12.941859
13.304220
20.018814
13.084992
7.644490
12.443722
21.235416
21.393370
-29.010889
-29.765791
-22.320501
-20.392010
-18.733892
-13.542339
-14.009316
-9.280230
-14.165759
-13.896402
-12.723931
-13.533018
-10.936996
-5.078857
-5.409892
-1.241049
-9.443618
-7.443429
-7.926473
-3.420161
-4.564923
-0.889668
-2.898859
-0.062158
1.553560
5.915086
2.252803
4.734714
5.754629
6.986528
6.536889
4.938234
7.932948
8.970819
9.846230
3.643305
4.011228
5.280025
3.942031
1.226575
4.995077
6.953183
4.871683
0.467307
1.499345
0.958365
2.484945
-4.336692
-4.116902
-5.158956
-6.465732
-20.610828
-21.017776
-18.970810
